kind	class	method	param	index	uri
FIELD	org.json.JSONObject	null	map	null	/home/nima/Developer/NJR-ANNOTATED-RUN/nullgtn/url30d916877f_shylux_shyview_tgz-pJ8-org_json_TestJ8/src/org/json/JSONObject.java
METHOD	org.json.JSONObject	names()	null	null	/home/nima/Developer/NJR-ANNOTATED-RUN/nullgtn/url30d916877f_shylux_shyview_tgz-pJ8-org_json_TestJ8/src/org/json/JSONObject.java
METHOD	org.json.JSONObject	opt(java.lang.String)	null	null	/home/nima/Developer/NJR-ANNOTATED-RUN/nullgtn/url30d916877f_shylux_shyview_tgz-pJ8-org_json_TestJ8/src/org/json/JSONObject.java
METHOD	org.json.JSONObject	optJSONArray(java.lang.String)	null	null	/home/nima/Developer/NJR-ANNOTATED-RUN/nullgtn/url30d916877f_shylux_shyview_tgz-pJ8-org_json_TestJ8/src/org/json/JSONObject.java
METHOD	org.json.JSONObject	optJSONObject(java.lang.String)	null	null	/home/nima/Developer/NJR-ANNOTATED-RUN/nullgtn/url30d916877f_shylux_shyview_tgz-pJ8-org_json_TestJ8/src/org/json/JSONObject.java
METHOD	org.json.JSONArray	opt(int)	null	null	/home/nima/Developer/NJR-ANNOTATED-RUN/nullgtn/url30d916877f_shylux_shyview_tgz-pJ8-org_json_TestJ8/src/org/json/JSONArray.java
METHOD	org.json.JSONArray	optJSONArray(int)	null	null	/home/nima/Developer/NJR-ANNOTATED-RUN/nullgtn/url30d916877f_shylux_shyview_tgz-pJ8-org_json_TestJ8/src/org/json/JSONArray.java
METHOD	org.json.JSONArray	optJSONObject(int)	null	null	/home/nima/Developer/NJR-ANNOTATED-RUN/nullgtn/url30d916877f_shylux_shyview_tgz-pJ8-org_json_TestJ8/src/org/json/JSONArray.java
METHOD	org.json.CDL	rowToJSONObject(org.json.JSONArray,org.json.JSONTokener)	null	null	/home/nima/Developer/NJR-ANNOTATED-RUN/nullgtn/url30d916877f_shylux_shyview_tgz-pJ8-org_json_TestJ8/src/org/json/CDL.java
METHOD	org.json.CDL	toString(org.json.JSONArray)	null	null	/home/nima/Developer/NJR-ANNOTATED-RUN/nullgtn/url30d916877f_shylux_shyview_tgz-pJ8-org_json_TestJ8/src/org/json/CDL.java
METHOD	org.json.JSONStringer	toString()	null	null	/home/nima/Developer/NJR-ANNOTATED-RUN/nullgtn/url30d916877f_shylux_shyview_tgz-pJ8-org_json_TestJ8/src/org/json/JSONStringer.java
FIELD	shyview.Picture	null	swapimage	null	/home/nima/Developer/NJR-ANNOTATED-RUN/nullgtn/url30d916877f_shylux_shyview_tgz-pJ8-org_json_TestJ8/src/shyview/Picture.java
FIELD	shyview.Picture	null	alternative_name	null	/home/nima/Developer/NJR-ANNOTATED-RUN/nullgtn/url30d916877f_shylux_shyview_tgz-pJ8-org_json_TestJ8/src/shyview/Picture.java
METHOD	shyview.Picture	getName()	null	null	/home/nima/Developer/NJR-ANNOTATED-RUN/nullgtn/url30d916877f_shylux_shyview_tgz-pJ8-org_json_TestJ8/src/shyview/Picture.java
METHOD	shyview.Picture	getDimension()	null	null	/home/nima/Developer/NJR-ANNOTATED-RUN/nullgtn/url30d916877f_shylux_shyview_tgz-pJ8-org_json_TestJ8/src/shyview/Picture.java
METHOD	shyview.Picture$ImageLoadTask	call()	null	null	/home/nima/Developer/NJR-ANNOTATED-RUN/nullgtn/url30d916877f_shylux_shyview_tgz-pJ8-org_json_TestJ8/src/shyview/Picture.java
PARAMETER	shyview.IPicture	setName(java.lang.String)	name	0	/home/nima/Developer/NJR-ANNOTATED-RUN/nullgtn/url30d916877f_shylux_shyview_tgz-pJ8-org_json_TestJ8/src/shyview/IPicture.java
PARAMETER	shyview.IPicture	setActionListener(java.awt.event.ActionListener)	al	0	/home/nima/Developer/NJR-ANNOTATED-RUN/nullgtn/url30d916877f_shylux_shyview_tgz-pJ8-org_json_TestJ8/src/shyview/IPicture.java
PARAMETER	shyview.IPicList	setIndex(int)	i	0	/home/nima/Developer/NJR-ANNOTATED-RUN/nullgtn/url30d916877f_shylux_shyview_tgz-pJ8-org_json_TestJ8/src/shyview/IPicList.java
PARAMETER	shyview.PositionIterator	add(E)	e	0	/home/nima/Developer/NJR-ANNOTATED-RUN/nullgtn/url30d916877f_shylux_shyview_tgz-pJ8-org_json_TestJ8/src/shyview/PositionIterator.java
FIELD	shyview.TitleInformer	null	_instance	null	/home/nima/Developer/NJR-ANNOTATED-RUN/nullgtn/url30d916877f_shylux_shyview_tgz-pJ8-org_json_TestJ8/src/shyview/TitleInformer.java
FIELD	shyview.TitleInformer	null	listName	null	/home/nima/Developer/NJR-ANNOTATED-RUN/nullgtn/url30d916877f_shylux_shyview_tgz-pJ8-org_json_TestJ8/src/shyview/TitleInformer.java
FIELD	shyview.TitleInformer	null	picName	null	/home/nima/Developer/NJR-ANNOTATED-RUN/nullgtn/url30d916877f_shylux_shyview_tgz-pJ8-org_json_TestJ8/src/shyview/TitleInformer.java
FIELD	shyview.TitleInformer	null	process	null	/home/nima/Developer/NJR-ANNOTATED-RUN/nullgtn/url30d916877f_shylux_shyview_tgz-pJ8-org_json_TestJ8/src/shyview/TitleInformer.java
PARAMETER	shyview.IPicInfo	update(shyview.IPicList)	list	0	/home/nima/Developer/NJR-ANNOTATED-RUN/nullgtn/url30d916877f_shylux_shyview_tgz-pJ8-org_json_TestJ8/src/shyview/IPicInfo.java
PARAMETER	shyview.IPicInfo	pushProcess(java.lang.String)	info	0	/home/nima/Developer/NJR-ANNOTATED-RUN/nullgtn/url30d916877f_shylux_shyview_tgz-pJ8-org_json_TestJ8/src/shyview/IPicInfo.java
FIELD	shyview.PictureList	null	menuItem	null	/home/nima/Developer/NJR-ANNOTATED-RUN/nullgtn/url30d916877f_shylux_shyview_tgz-pJ8-org_json_TestJ8/src/shyview/PictureList.java
METHOD	shyview.PictureList	getMenuItem()	null	null	/home/nima/Developer/NJR-ANNOTATED-RUN/nullgtn/url30d916877f_shylux_shyview_tgz-pJ8-org_json_TestJ8/src/shyview/PictureList.java
FIELD	MenuScroller.MenuScroller	null	menu	null	/home/nima/Developer/NJR-ANNOTATED-RUN/nullgtn/url30d916877f_shylux_shyview_tgz-pJ8-org_json_TestJ8/src/MenuScroller/MenuScroller.java
FIELD	MenuScroller.MenuScroller	null	menuItems	null	/home/nima/Developer/NJR-ANNOTATED-RUN/nullgtn/url30d916877f_shylux_shyview_tgz-pJ8-org_json_TestJ8/src/MenuScroller/MenuScroller.java
PARAMETER	MenuScroller.MenuScroller$MenuScrollTimer$1	actionPerformed(java.awt.event.ActionEvent)	e	0	/home/nima/Developer/NJR-ANNOTATED-RUN/nullgtn/url30d916877f_shylux_shyview_tgz-pJ8-org_json_TestJ8/src/MenuScroller/MenuScroller.java
